	XAccel				YAccel					ZAccel			XGyro			YGyro			ZGyro
[-3165,-3163] --> [-7,16]	[1847,1848] --> [-13,4]		[1110,1111] --> [16384,16387]	[49,50] --> [-2,1]	[-66,-65] --> [0,3]	[-2,-1] --> [0,3]
[-3165,-3164] --> [-7,7]	[1847,1848] --> [-12,4]		[1110,1110] --> [16384,16386]	[49,50] --> [-1,1]	[-66,-65] --> [0,3]	[-2,-1] --> [0,3]
[-3165,-3164] --> [-14,7]	[1847,1848] --> [-12,4]		[1110,1110] --> [16384,16387]	[49,50] --> [-1,1]	[-66,-65] --> [0,3]	[-2,-1] --> [-1,3]


-- VERSAO PROTÓTIPO FINAL

	XAccel				YAccel				ZAccel				XGyro			YGyro			ZGyro
[-3179,-3177] --> [-2,12]	[1875,1876] --> [-10,7]		[1118,1119] --> [16384,16388]	[51,52] --> [0,3]	[-57,-56] --> [0,3]	[3,4] --> [-2,1]
[-3179,-3178] --> [-2,13]	[1875,1876] --> [-10,7]		[1118,1118] --> [16384,16385]	[51,52] --> [0,3]	[-57,-56] --> [0,3]	[3,4] --> [-2,1]
[-3179,-3178] --> [-5,13]	[1875,1876] --> [-12,7]		[1118,1118] --> [16384,16385]	[51,51] --> [0,1]	[-57,-56] --> [0,3]	[3,4] --> [-2,1]