		XAccel			YAccel				ZAccel				XGyro			YGyro			ZGyro
[-1315,-1314] --> [-2,16]	[-4623,-4620] --> [-4,32]	[309,310] --> [16380,16397]	[73,74] --> [0,3]	[-77,-76] --> [-1,1]	[-15,-14] --> [-2,1]
[-1315,-1314] --> [-2,16]	[-4623,-4621] --> [-4,12]	[309,310] --> [16380,16397]	[73,74] --> [0,3]	[-77,-76] --> [-1,1]	[-15,-14] --> [-2,1]
[-1315,-1314] --> [-4,16]	[-4623,-4622] --> [-4,13]	[309,310] --> [16378,16397]	[73,74] --> [0,3]	[-77,-76] --> [-2,1]	[-15,-14] --> [-2,1]
[-1315,-1314] --> [-9,16]	[-4623,-4622] --> [-3,13]	[309,310] --> [16380,16397]	[73,74] --> [0,3]	[-77,-76] --> [-1,1]	[-15,-14] --> [-1,1]


-- VERSAO PROTÓTIPO FINAL

[-1241,-1240] --> [-8,11]	[-4640,-4638] --> [-14,4]	[310,310] --> [16384,16387]	[76,77] --> [-1,1]	[-78,-77] --> [-1,2]	[-16,-15] --> [-2,1]
[-1241,-1240] --> [-7,11]	[-4639,-4638] --> [-14,4]	[310,310] --> [16384,16386]	[76,77] --> [-1,1]	[-78,-77] --> [-1,2]	[-16,-15] --> [-2,1]
[-1241,-1240] --> [-5,11]	[-4639,-4638] --> [-13,4]	[310,310] --> [16384,16385]	[76,77] --> [-2,1]	[-78,-77] --> [0,2]	[-16,-15] --> [-2,1]