
	XAccel				YAccel				ZAccel				XGyro			YGyro			ZGyro
[-1011,-1009] --> [-14,2]	[-1300,-1298] --> [-19,1]	[831,832] --> [16383,16404]	[-14,-13] --> [0,3]	[-21,-20] --> [0,3]	[-21,-20] --> [-1,2]
[-1011,-1010] --> [-14,2]	[-1299,-1298] --> [-18,1]	[831,831] --> [16383,16387]	[-14,-13] --> [0,3]	[-21,-20] --> [0,3]	[-21,-20] --> [-1,2]
[-1011,-1010] --> [-17,2]	[-1299,-1298] --> [-18,1]	[831,831] --> [16383,16391]	[-14,-13] --> [0,3]	[-21,-20] --> [0,3]	[-21,-20] --> [-1,2]


--- VERSAO PROTÓTIPO FINAL

	XAccel				YAccel				ZAccel				XGyro			YGyro			ZGyro
[-806,-805] --> [-1,3]		[-1242,-1240] --> [-9,4]	[864,865] --> [16384,16387]	[-5,-4] --> [0,5]	[-18,-17] --> [0,2]	[-24,-23] --> [0,3]
[-806,-805] --> [-4,3]		[-1241,-1240] --> [-8,4]	[864,865] --> [16380,16387]	[-5,-4] --> [0,5]	[-18,-17] --> [0,2]	[-24,-23] --> [-1,3]
[-806,-805] --> [-53,3]		[-1241,-1241] --> [-8,4]	[864,865] --> [16370,16387]	[-5,-4] --> [-2,5]	[-18,-17] --> [0,2]	[-24,-23] --> [-2,3]
